R0;37.165;-3.58501;37.7704;-3.79999;40.4;-3.68335;41.65;-0.889982;42.4704;-2.42999;42.85;-2.66998;
R1;-20.4696;-55.79;30.25;120.17;47.4;130.37;21.3808;-77.9169;41.0307;73.2058;9.48331;50.8167;-26.17;28.03;43.6722;-70.2455;
R2;-34.29;146.04;-2.51598;-44.266;48.8;-79.2;18.942;-70.409;15.167;-12.1833;31.3223;-109.563;24.0943;38.0493;38.5766;-92.1733;
R3;-42.9911;147.308;-24.49;-47.84;42.9153;73.2549;20.63;-100.38;40.2922;70.4272;17.6316;100.097;41.4904;-71.3134;36.8974;-104.44;
R4;-30.5123;151.667;61.3504;-139;-36.7167;-73.1167;17.8;-91.53;6.6167;100.067;61.5311;-166.097;40.1104;65.355;9.60374;105.98;
R5;-25.2333;133.2;-9.90003;-55.91;-30.0295;-70.74;30.0604;70.6351;12.9104;31.2;34.4504;40.9186;18.7868;100.771;62.0797;-150.073;
R6;33.81;2.88002;44.22;17.92;50.6516;121.517;55.0704;10.6167;14.662;-90.82;68.4837;102.167;25.4683;-80.4778;-31.71;-55.98;
R7;-36.06;146.92;-4.82003;-42.18;-5.16559;-40.666;47.3837;-79.6833;59.0333;-117.683;10.38;78;44.6201;41.95;28.805;-97.0033;
R8;-20.06;-44.57;36.08;114.35;43.7163;127.346;41.8363;126.936;39.13;117.2;11.5403;-72.91;19.2166;-70.5166;48.35;10.9;33.7476;44.6573;44.93;8.20998;45.75;106.266;16.7704;94.75;26.2324;36.4636;29.6202;43.4948;
R9;-22.5596;27.13;12.5337;103.917;45.8833;-72.4834;70.7334;-117.75;-39.2166;-73.2123;48.0263;125.866;32.22;119.43;13.4833;-88.1833;46.9837;3.16667;32.7118;74.8467;9.60041;-5.20003;33.9654;130.945;42.9;71.365;19.429;93.5494;
R10;31.6111;-2.23;-25.2887;152.841;-14.21;-41.67;-16.4695;-54.64;51.717;-91.8;48.95;-57.9333;46.1667;-1.14999;-2.53299;140.7;11.5204;13.69;4.5704;7.55999;45.045;23.274;58.0747;55.7443;44.3068;-96.788;38.3109;-85.8213;
R11;-27.2163;-61.2;-20.0809;146.259;-16.3696;-60.96;-31.37;-51.98;-2.912;29.825;-1.3496;-80.58;62.8943;27.6949;43.1887;140.978;22.35;-102.88;27.326;86.087;16.9924;54.6918;-24.4196;-57.1;14.0572;101.377;21.9815;-159.371;
R12;52.43;31;-17.36;-63.4;-27.1;-52.64;46.5504;-75.5;19.397;-70.523;-0.69961;10.2166;47.1127;51.92;-18.9166;47.5166;7.1104;6.73994;70.5981;56.3723;-28.2196;28.3;36.8655;-87.4886;40.4172;-86.8783;21.818;105.211;
R13;40.4774;19.4982;-30.7354;121.46;65.1833;-123.417;35.25;113.22;50.206;15.812;-1.25002;116.83;34.2204;-4.01997;-3.91626;-70.5083;-26.96;24.73;35.9297;36.6317;-5.23954;39.77;40.8852;-124.088;41.5146;-109.465;31.5548;-91.3875;
R14;-15.4996;-69.1667;-17.1996;-46.87;47.9204;123.51;29.5671;103.733;33.6304;46.43;53.1947;44.0444;54.5653;100.565;48.71;44.5;-33.5995;26.88;38.2087;128.591;19.6337;30.4166;-5.77961;34.9;46.7833;-92.1064;-31.2;-55.75;
R15;-10.9;-37.12;-36.7167;-73.1167;-3.36999;29.14;56.1572;10.2107;6.9;37.75;23.6833;86.9833;42.8299;75.2846;-18.1818;49.405;21.2704;-98.78;11.7104;11.08;9.23333;29.8333;39.9403;-82.0133;41.56;60.64;-17.9296;25.84;